kinematics:
  shoulder:
    x: 0
    y: 0
    z: 0.15185688465286107
    roll: -0
    pitch: 0
    yaw: -7.9777648442219697e-08
  upper_arm:
    x: -6.6960222541560303e-05
    y: 0
    z: 0
    roll: 1.57112571049422
    pitch: 0
    yaw: -4.9806748232406042e-06
  forearm:
    x: -0.24382616021620471
    y: 0
    z: 0
    roll: 0.0048884202248559187
    pitch: 0.00099700243787719878
    yaw: -9.6340017126602426e-06
  wrist_1:
    x: -0.21315888097400282
    y: -0.00035278577608698915
    z: 0.13179257321303639
    roll: 0.002676819526876048
    pitch: 0.00270621177257384
    yaw: 6.9132298411602183e-06
  wrist_2:
    x: 0.00010880320651167395
    y: -0.085464439512156279
    z: -9.2797786847195282e-05
    roll: 1.5718821322001411
    pitch: 0
    yaw: 1.2676854740698016e-05
  wrist_3:
    x: -0.0001324146894106389
    y: 0.09201581347809025
    z: -8.982765828587326e-05
    roll: 1.569820107313102
    pitch: 3.1415926535897931
    yaw: 3.1415926493603576
  hash: calib_14746656999802087546