kinematics:
  shoulder:
    x: 0
    y: 0
    z: 0.15174955164987555
    roll: -0
    pitch: 0
    yaw: -2.79995290247957e-08
  upper_arm:
    x: -0.00016943740173116939
    y: 0
    z: 0
    roll: 1.5703123831402617
    pitch: 0
    yaw: 1.3787632940027858e-06
  forearm:
    x: -0.24344827292205656
    y: 0
    z: 0
    roll: 0.0015361902927968219
    pitch: -0.00035818089098760091
    yaw: -3.6529245163997536e-06
  wrist_1:
    x: -0.21307571089712449
    y: -0.00041658985244483952
    z: 0.13093530238346529
    roll: 0.003181635809246458
    pitch: 0.0016991737989202455
    yaw: -5.2455805672776808e-07
  wrist_2:
    x: 0.00017112656709884609
    y: -0.085213641705771948
    z: 0.00010060842903063409
    roll: 1.5696156662777696
    pitch: 0
    yaw: 2.7983616853404327e-06
  wrist_3:
    x: -0.00012106277912992629
    y: 0.091834650926481617
    z: -0.00013855864708540303
    roll: 1.5692875439928926
    pitch: 3.1415926535897931
    yaw: -3.141592338965197
  hash: calib_16271485320628777911